# desk
has_desk: true
desk_id: "desk"
# size
desk_height: 0.71
desk_width: 0.7
desk_depth: 0.01
# positon
desk_p_x: 0.151551750128
desk_p_y: -0.149590132538
desk_p_z: 0.005
# orientantion
desk_o_x: 0
desk_o_y: 0
desk_o_z: -0.383
desk_o_w: 0.924

# border
has_border: true
# border1
border1_id: "border1"
border1_width: 0.04
border1_height: 0.04
border1_depth: 0.8
border1_p_x: 0.168482840746
border1_p_y: 0.299368612713
border1_p_z: 0.389502420526
# border2
border2_id: "border2"
border2_width: 0.04
border2_height: 0.04
border2_depth: 0.8
border2_p_x: -0.300580632431
border2_p_y: -0.167328740289
border2_p_z: 0.383348997625
# border3
border3_id: "border3"
border3_height: 0.04
border3_width: 0.7
border3_depth: 0.04
border3_p_x: -0.0722177856001
border3_p_y: 0.0834268121642
border3_p_z: 0.762388892291
# border4
border4_id: "border4"
border4_height: 0.55
border4_width: 0.04
border4_depth: 0.04
border4_p_x: 0.1433777196
border4_p_y: -0.100763097768
border4_p_z: 0.782943279909